# r s iterations
-4.000000 -4.000000 2000
-3.992000 -4.000000 2000
-3.984000 -4.000000 2000
-3.976000 -4.000000 2000
-3.968000 -4.000000 2000
-3.960000 -4.000000 2000
-3.952000 -4.000000 2000
-3.944000 -4.000000 2000
-3.936000 -4.000000 2000
-3.928000 -4.000000 2000
-3.920000 -4.000000 2000
-3.912000 -4.000000 2000
-3.904000 -4.000000 2000
-3.896000 -4.000000 2000
-3.888000 -4.000000 2000
-3.880000 -4.000000 2000
-3.872000 -4.000000 2000
-3.864000 -4.000000 2000
-3.856000 -4.000000 2000
-3.848000 -4.000000 2000
-3.840000 -4.000000 2000
-3.832000 -4.000000 2000
-3.824000 -4.000000 2000
-3.816000 -4.000000 2000
-3.808000 -4.000000 2000
-3.800000 -4.000000 2000
-3.792000 -4.000000 2000
-3.784000 -4.000000 2000
-3.776000 -4.000000 2000
-3.768000 -4.000000 2000
-3.760000 -4.000000 2000
-3.752000 -4.000000 2000
-3.744000 -4.000000 2000
-3.736000 -4.000000 2000
-3.728000 -4.000000 2000
-3.720000 -4.000000 2000
-3.712000 -4.000000 2000
-3.704000 -4.000000 2000
-3.696000 -4.000000 2000
-3.688000 -4.000000 2000
-3.680000 -4.000000 2000
-3.672000 -4.000000 2000
-3.664000 -4.000000 2000
-3.656000 -4.000000 2000
-3.648000 -4.000000 2000
-3.640000 -4.000000 2000
-3.632000 -4.000000 2000
-3.624000 -4.000000 2000
-3.616000 -4.000000 2000
-3.608000 -4.000000 2000
-3.600000 -4.000000 2000
-3.592000 -4.000000 2000
-3.584000 -4.000000 2000
-3.576000 -4.000000 2000
-3.568000 -4.000000 2000
-3.560000 -4.000000 2000
-3.552000 -4.000000 2000
-3.544000 -4.000000 2000
-3.536000 -4.000000 2000
-3.528000 -4.000000 2000
-3.520000 -4.000000 2000
-3.512000 -4.000000 2000
-3.504000 -4.000000 2000
-3.496000 -4.000000 2000
-3.488000 -4.000000 2000
-3.480000 -4.000000 2000
-3.472000 -4.000000 2000
-3.464000 -4.000000 2000
-3.456000 -4.000000 2000
-3.448000 -4.000000 2000
-3.440000 -4.000000 2000
-3.432000 -4.000000 2000
-3.424000 -4.000000 2000
-3.416000 -4.000000 2000
-3.408000 -4.000000 2000
-3.400000 -4.000000 2000
-3.392000 -4.000000 2000
-3.384000 -4.000000 2000
-3.376000 -4.000000 21
-3.368000 -4.000000 21
-3.360000 -4.000000 21
-3.352000 -4.000000 22
-3.344000 -4.000000 24
-3.336000 -4.000000 2000
-3.328000 -4.000000 2000
-3.320000 -4.000000 2000
-3.312000 -4.000000 2000
-3.304000 -4.000000 23
-3.296000 -4.000000 2000
-3.288000 -4.000000 20
-3.280000 -4.000000 19
-3.272000 -4.000000 19
-3.264000 -4.000000 20
-3.256000 -4.000000 20
-3.248000 -4.000000 20
-3.240000 -4.000000 20
-3.232000 -4.000000 20
-3.224000 -4.000000 20
-3.216000 -4.000000 20
-3.208000 -4.000000 20
-3.200000 -4.000000 20
-3.192000 -4.000000 20
-3.184000 -4.000000 20
-3.176000 -4.000000 19
-3.168000 -4.000000 19
-3.160000 -4.000000 19
-3.152000 -4.000000 19
-3.144000 -4.000000 19
-3.136000 -4.000000 19
-3.128000 -4.000000 19
-3.120000 -4.000000 19
-3.112000 -4.000000 19
-3.104000 -4.000000 19
-3.096000 -4.000000 19
-3.088000 -4.000000 19
-3.080000 -4.000000 19
-3.072000 -4.000000 19
-3.064000 -4.000000 19
-3.056000 -4.000000 19
-3.048000 -4.000000 19
-3.040000 -4.000000 19
-3.032000 -4.000000 19
-3.024000 -4.000000 19
-3.016000 -4.000000 19
-3.008000 -4.000000 19
-3.000000 -4.000000 19
-2.992000 -4.000000 19
-2.984000 -4.000000 19
-2.976000 -4.000000 19
-2.968000 -4.000000 19
-2.960000 -4.000000 19
-2.952000 -4.000000 19
-2.944000 -4.000000 19
-2.936000 -4.000000 19
-2.928000 -4.000000 19
-2.920000 -4.000000 19
-2.912000 -4.000000 19
-2.904000 -4.000000 19
-2.896000 -4.000000 19
-2.888000 -4.000000 19
-2.880000 -4.000000 19
-2.872000 -4.000000 19
-2.864000 -4.000000 19
-2.856000 -4.000000 19
-2.848000 -4.000000 19
-2.840000 -4.000000 19
-2.832000 -4.000000 19
-2.824000 -4.000000 19
-2.816000 -4.000000 19
-2.808000 -4.000000 19
-2.800000 -4.000000 19
-2.792000 -4.000000 19
-2.784000 -4.000000 19
-2.776000 -4.000000 19
-2.768000 -4.000000 19
-2.760000 -4.000000 19
-2.752000 -4.000000 19
-2.744000 -4.000000 19
-2.736000 -4.000000 19
-2.728000 -4.000000 19
-2.720000 -4.000000 19
-2.712000 -4.000000 19
-2.704000 -4.000000 19
-2.696000 -4.000000 19
-2.688000 -4.000000 19
-2.680000 -4.000000 19
-2.672000 -4.000000 19
-2.664000 -4.000000 19
-2.656000 -4.000000 19
-2.648000 -4.000000 19
-2.640000 -4.000000 19
-2.632000 -4.000000 19
-2.624000 -4.000000 19
-2.616000 -4.000000 19
-2.608000 -4.000000 19
-2.600000 -4.000000 19
-2.592000 -4.000000 19
-2.584000 -4.000000 19
-2.576000 -4.000000 19
-2.568000 -4.000000 19
-2.560000 -4.000000 19
-2.552000 -4.000000 19
-2.544000 -4.000000 19
-2.536000 -4.000000 19
-2.528000 -4.000000 19
-2.520000 -4.000000 19
-2.512000 -4.000000 19
-2.504000 -4.000000 19
-2.496000 -4.000000 19
-2.488000 -4.000000 19
-2.480000 -4.000000 19
-2.472000 -4.000000 19
-2.464000 -4.000000 19
-2.456000 -4.000000 19
-2.448000 -4.000000 19
-2.440000 -4.000000 19
-2.432000 -4.000000 19
-2.424000 -4.000000 19
-2.416000 -4.000000 19
-2.408000 -4.000000 19
-2.400000 -4.000000 19
-2.392000 -4.000000 19
-2.384000 -4.000000 19
-2.376000 -4.000000 19
-2.368000 -4.000000 19
-2.360000 -4.000000 19
-2.352000 -4.000000 19
-2.344000 -4.000000 19
-2.336000 -4.000000 19
-2.328000 -4.000000 19
-2.320000 -4.000000 19
-2.312000 -4.000000 19
-2.304000 -4.000000 19
-2.296000 -4.000000 19
-2.288000 -4.000000 19
-2.280000 -4.000000 19
-2.272000 -4.000000 19
-2.264000 -4.000000 19
-2.256000 -4.000000 19
-2.248000 -4.000000 19
-2.240000 -4.000000 19
-2.232000 -4.000000 19
-2.224000 -4.000000 19
-2.216000 -4.000000 19
-2.208000 -4.000000 19
-2.200000 -4.000000 19
-2.192000 -4.000000 19
-2.184000 -4.000000 19
-2.176000 -4.000000 19
-2.168000 -4.000000 19
-2.160000 -4.000000 19
-2.152000 -4.000000 19
-2.144000 -4.000000 19
-2.136000 -4.000000 18
-2.128000 -4.000000 18
-2.120000 -4.000000 18
-2.112000 -4.000000 18
-2.104000 -4.000000 18
-2.096000 -4.000000 18
-2.088000 -4.000000 18
-2.080000 -4.000000 18
-2.072000 -4.000000 18
-2.064000 -4.000000 18
-2.056000 -4.000000 18
-2.048000 -4.000000 18
-2.040000 -4.000000 18
-2.032000 -4.000000 18
-2.024000 -4.000000 18
-2.016000 -4.000000 18
-2.008000 -4.000000 18
-2.000000 -4.000000 18
-1.992000 -4.000000 18
-1.984000 -4.000000 18
-1.976000 -4.000000 18
-1.968000 -4.000000 18
-1.960000 -4.000000 18
-1.952000 -4.000000 18
-1.944000 -4.000000 18
-1.936000 -4.000000 18
-1.928000 -4.000000 18
-1.920000 -4.000000 18
-1.912000 -4.000000 18
-1.904000 -4.000000 18
-1.896000 -4.000000 18
-1.888000 -4.000000 18
-1.880000 -4.000000 17
-1.872000 -4.000000 17
-1.864000 -4.000000 17
-1.856000 -4.000000 17
-1.848000 -4.000000 17
-1.840000 -4.000000 17
-1.832000 -4.000000 17
-1.824000 -4.000000 18
-1.816000 -4.000000 18
-1.808000 -4.000000 18
-1.800000 -4.000000 17
-1.792000 -4.000000 17
-1.784000 -4.000000 18
-1.776000 -4.000000 18
-1.768000 -4.000000 18
-1.760000 -4.000000 18
-1.752000 -4.000000 18
-1.744000 -4.000000 18
-1.736000 -4.000000 18
-1.728000 -4.000000 18
-1.720000 -4.000000 18
-1.712000 -4.000000 18
-1.704000 -4.000000 18
-1.696000 -4.000000 18
-1.688000 -4.000000 19
-1.680000 -4.000000 19
-1.672000 -4.000000 19
-1.664000 -4.000000 19
-1.656000 -4.000000 19
-1.648000 -4.000000 19
-1.640000 -4.000000 19
-1.632000 -4.000000 20
-1.624000 -4.000000 20
-1.616000 -4.000000 20
-1.608000 -4.000000 21
-1.600000 -4.000000 22
-1.592000 -4.000000 24
-1.584000 -4.000000 2000
-1.576000 -4.000000 2000
-1.568000 -4.000000 2000
-1.560000 -4.000000 2000
-1.552000 -4.000000 2000
-1.544000 -4.000000 2000
-1.536000 -4.000000 2000
-1.528000 -4.000000 2000
-1.520000 -4.000000 2000
-1.512000 -4.000000 2000
-1.504000 -4.000000 2000
-1.496000 -4.000000 2000
-1.488000 -4.000000 2000
-1.480000 -4.000000 2000
-1.472000 -4.000000 2000
-1.464000 -4.000000 2000
-1.456000 -4.000000 2000
-1.448000 -4.000000 2000
-1.440000 -4.000000 2000
-1.432000 -4.000000 2000
-1.424000 -4.000000 21
-1.416000 -4.000000 23
-1.408000 -4.000000 2000
-1.400000 -4.000000 2000
-1.392000 -4.000000 2000
-1.384000 -4.000000 2000
-1.376000 -4.000000 2000
-1.368000 -4.000000 2000
-1.360000 -4.000000 2000
-1.352000 -4.000000 2000
-1.344000 -4.000000 22
-1.336000 -4.000000 21
-1.328000 -4.000000 22
-1.320000 -4.000000 24
-1.312000 -4.000000 25
-1.304000 -4.000000 2000
-1.296000 -4.000000 24
-1.288000 -4.000000 3000
-1.280000 -4.000000 3000
-1.272000 -4.000000 3000
-1.264000 -4.000000 3000
-1.256000 -4.000000 3000
-1.248000 -4.000000 3000
-1.240000 -4.000000 3000
-1.232000 -4.000000 3000
-1.224000 -4.000000 3000
-1.216000 -4.000000 3000
-1.208000 -4.000000 3000
-1.200000 -4.000000 3000
-1.192000 -4.000000 3000
-1.184000 -4.000000 3000
-1.176000 -4.000000 3000
-1.168000 -4.000000 3000
-1.160000 -4.000000 3000
-1.152000 -4.000000 3000
-1.144000 -4.000000 3000
-1.136000 -4.000000 3000
-1.128000 -4.000000 3000
-1.120000 -4.000000 3000
-1.112000 -4.000000 3000
-1.104000 -4.000000 3000
-1.096000 -4.000000 3000
-1.088000 -4.000000 3000
-1.080000 -4.000000 3000
-1.072000 -4.000000 3000
-1.064000 -4.000000 3000
-1.056000 -4.000000 3000
-1.048000 -4.000000 3000
-1.040000 -4.000000 3000
-1.032000 -4.000000 3000
-1.024000 -4.000000 3000
-1.016000 -4.000000 3000
-1.008000 -4.000000 3000
-1.000000 -4.000000 3000
-0.992000 -4.000000 3000
-0.984000 -4.000000 3000
-0.976000 -4.000000 3000
-0.968000 -4.000000 3000
-0.960000 -4.000000 3000
-0.952000 -4.000000 3000
-0.944000 -4.000000 3000
-0.936000 -4.000000 3000
-0.928000 -4.000000 3000
-0.920000 -4.000000 3000
-0.912000 -4.000000 3000
-0.904000 -4.000000 3000
-0.896000 -4.000000 3000
-0.888000 -4.000000 3000
-0.880000 -4.000000 3000
-0.872000 -4.000000 3000
-0.864000 -4.000000 3000
-0.856000 -4.000000 3000
-0.848000 -4.000000 3000
-0.840000 -4.000000 3000
-0.832000 -4.000000 3000
-0.824000 -4.000000 3000
-0.816000 -4.000000 3000
-0.808000 -4.000000 3000
-0.800000 -4.000000 3000
-0.792000 -4.000000 3000
-0.784000 -4.000000 3000
-0.776000 -4.000000 3000
-0.768000 -4.000000 3000
-0.760000 -4.000000 3000
-0.752000 -4.000000 3000
-0.744000 -4.000000 3000
-0.736000 -4.000000 3000
-0.728000 -4.000000 3000
-0.720000 -4.000000 3000
-0.712000 -4.000000 3000
-0.704000 -4.000000 3000
-0.696000 -4.000000 3000
-0.688000 -4.000000 3000
-0.680000 -4.000000 3000
-0.672000 -4.000000 3000
-0.664000 -4.000000 3000
-0.656000 -4.000000 3000
-0.648000 -4.000000 3000
-0.640000 -4.000000 3000
-0.632000 -4.000000 3000
-0.624000 -4.000000 3000
-0.616000 -4.000000 3000
-0.608000 -4.000000 3000
-0.600000 -4.000000 3000
-0.592000 -4.000000 3000
-0.584000 -4.000000 3000
-0.576000 -4.000000 3000
-0.568000 -4.000000 3000
-0.560000 -4.000000 3000
-0.552000 -4.000000 3000
-0.544000 -4.000000 3000
-0.536000 -4.000000 3000
-0.528000 -4.000000 3000
-0.520000 -4.000000 3000
-0.512000 -4.000000 3000
-0.504000 -4.000000 3000
-0.496000 -4.000000 3000
-0.488000 -4.000000 3000
-0.480000 -4.000000 3000
-0.472000 -4.000000 3000
-0.464000 -4.000000 3000
-0.456000 -4.000000 3000
-0.448000 -4.000000 3000
-0.440000 -4.000000 3000
-0.432000 -4.000000 3000
-0.424000 -4.000000 3000
-0.416000 -4.000000 3000
-0.408000 -4.000000 3000
-0.400000 -4.000000 3000
-0.392000 -4.000000 3000
-0.384000 -4.000000 3000
-0.376000 -4.000000 3000
-0.368000 -4.000000 3000
-0.360000 -4.000000 3000
-0.352000 -4.000000 3000
-0.344000 -4.000000 3000
-0.336000 -4.000000 3000
-0.328000 -4.000000 3000
-0.320000 -4.000000 3000
-0.312000 -4.000000 3000
-0.304000 -4.000000 3000
-0.296000 -4.000000 3000
-0.288000 -4.000000 3000
-0.280000 -4.000000 3000
-0.272000 -4.000000 3000
-0.264000 -4.000000 3000
-0.256000 -4.000000 3000
-0.248000 -4.000000 3000
-0.240000 -4.000000 3000
-0.232000 -4.000000 3000
-0.224000 -4.000000 3000
-0.216000 -4.000000 3000
-0.208000 -4.000000 3000
-0.200000 -4.000000 3000
-0.192000 -4.000000 3000
-0.184000 -4.000000 3000
-0.176000 -4.000000 3000
-0.168000 -4.000000 3000
-0.160000 -4.000000 3000
-0.152000 -4.000000 3000
-0.144000 -4.000000 3000
-0.136000 -4.000000 3000
-0.128000 -4.000000 3000
-0.120000 -4.000000 3000
-0.112000 -4.000000 3000
-0.104000 -4.000000 3000
-0.096000 -4.000000 3000
-0.088000 -4.000000 3000
-0.080000 -4.000000 3000
-0.072000 -4.000000 3000
-0.064000 -4.000000 3000
-0.056000 -4.000000 3000
-0.048000 -4.000000 3000
-0.040000 -4.000000 3000
-0.032000 -4.000000 3000
-0.024000 -4.000000 3000
-0.016000 -4.000000 3000
-0.008000 -4.000000 3000
0.000000 -4.000000 3000
0.008000 -4.000000 3000
0.016000 -4.000000 3000
0.024000 -4.000000 3000
0.032000 -4.000000 3000
0.040000 -4.000000 3000
0.048000 -4.000000 3000
0.056000 -4.000000 3000
0.064000 -4.000000 3000
0.072000 -4.000000 3000
0.080000 -4.000000 3000
0.088000 -4.000000 3000
0.096000 -4.000000 3000
0.104000 -4.000000 3000
0.112000 -4.000000 3000
0.120000 -4.000000 3000
0.128000 -4.000000 3000
0.136000 -4.000000 3000
0.144000 -4.000000 3000
0.152000 -4.000000 3000
0.160000 -4.000000 3000
0.168000 -4.000000 3000
0.176000 -4.000000 3000
0.184000 -4.000000 3000
0.192000 -4.000000 3000
0.200000 -4.000000 3000
0.208000 -4.000000 3000
0.216000 -4.000000 3000
0.224000 -4.000000 3000
0.232000 -4.000000 3000
0.240000 -4.000000 3000
0.248000 -4.000000 3000
0.256000 -4.000000 3000
0.264000 -4.000000 3000
0.272000 -4.000000 3000
0.280000 -4.000000 3000
0.288000 -4.000000 3000
0.296000 -4.000000 3000
0.304000 -4.000000 3000
0.312000 -4.000000 3000
0.320000 -4.000000 3000
0.328000 -4.000000 3000
0.336000 -4.000000 3000
0.344000 -4.000000 3000
0.352000 -4.000000 3000
0.360000 -4.000000 3000
0.368000 -4.000000 3000
0.376000 -4.000000 3000
0.384000 -4.000000 3000
0.392000 -4.000000 3000
0.400000 -4.000000 3000
0.408000 -4.000000 3000
0.416000 -4.000000 3000
0.424000 -4.000000 3000
0.432000 -4.000000 3000
0.440000 -4.000000 3000
0.448000 -4.000000 3000
0.456000 -4.000000 3000
0.464000 -4.000000 3000
0.472000 -4.000000 3000
0.480000 -4.000000 3000
0.488000 -4.000000 3000
0.496000 -4.000000 3000
0.504000 -4.000000 3000
0.512000 -4.000000 3000
0.520000 -4.000000 3000
0.528000 -4.000000 3000
0.536000 -4.000000 3000
0.544000 -4.000000 3000
0.552000 -4.000000 3000
0.560000 -4.000000 3000
0.568000 -4.000000 3000
0.576000 -4.000000 3000
0.584000 -4.000000 3000
0.592000 -4.000000 3000
0.600000 -4.000000 3000
0.608000 -4.000000 3000
0.616000 -4.000000 3000
0.624000 -4.000000 3000
0.632000 -4.000000 3000
0.640000 -4.000000 3000
0.648000 -4.000000 3000
0.656000 -4.000000 3000
0.664000 -4.000000 3000
0.672000 -4.000000 3000
0.680000 -4.000000 3000
0.688000 -4.000000 3000
0.696000 -4.000000 3000
0.704000 -4.000000 3000
0.712000 -4.000000 3000
0.720000 -4.000000 3000
0.728000 -4.000000 3000
0.736000 -4.000000 3000
0.744000 -4.000000 3000
0.752000 -4.000000 3000
0.760000 -4.000000 3000
0.768000 -4.000000 3000
0.776000 -4.000000 3000
0.784000 -4.000000 3000
0.792000 -4.000000 3000
0.800000 -4.000000 3000
0.808000 -4.000000 3000
0.816000 -4.000000 3000
0.824000 -4.000000 3000
0.832000 -4.000000 3000
0.840000 -4.000000 3000
0.848000 -4.000000 3000
0.856000 -4.000000 3000
0.864000 -4.000000 3000
0.872000 -4.000000 3000
0.880000 -4.000000 3000
0.888000 -4.000000 3000
0.896000 -4.000000 3000
0.904000 -4.000000 3000
0.912000 -4.000000 3000
0.920000 -4.000000 3000
0.928000 -4.000000 3000
0.936000 -4.000000 3000
0.944000 -4.000000 3000
0.952000 -4.000000 3000
0.960000 -4.000000 3000
0.968000 -4.000000 3000
0.976000 -4.000000 3000
0.984000 -4.000000 3000
0.992000 -4.000000 3000
1.000000 -4.000000 3000
1.008000 -4.000000 3000
1.016000 -4.000000 3000
1.024000 -4.000000 3000
1.032000 -4.000000 3000
1.040000 -4.000000 3000
1.048000 -4.000000 3000
1.056000 -4.000000 3000
1.064000 -4.000000 3000
1.072000 -4.000000 3000
1.080000 -4.000000 3000
1.088000 -4.000000 3000
1.096000 -4.000000 3000
1.104000 -4.000000 3000
1.112000 -4.000000 3000
1.120000 -4.000000 3000
1.128000 -4.000000 3000
1.136000 -4.000000 3000
1.144000 -4.000000 3000
1.152000 -4.000000 3000
1.160000 -4.000000 3000
1.168000 -4.000000 3000
1.176000 -4.000000 3000
1.184000 -4.000000 3000
1.192000 -4.000000 3000
1.200000 -4.000000 3000
1.208000 -4.000000 3000
1.216000 -4.000000 3000
1.224000 -4.000000 3000
1.232000 -4.000000 3000
1.240000 -4.000000 3000
1.248000 -4.000000 3000
1.256000 -4.000000 3000
1.264000 -4.000000 3000
1.272000 -4.000000 3000
1.280000 -4.000000 3000
1.288000 -4.000000 3000
1.296000 -4.000000 24
1.304000 -4.000000 2000
1.312000 -4.000000 25
1.320000 -4.000000 24
1.328000 -4.000000 22
1.336000 -4.000000 21
1.344000 -4.000000 22
1.352000 -4.000000 2000
1.360000 -4.000000 2000
1.368000 -4.000000 2000
1.376000 -4.000000 2000
1.384000 -4.000000 2000
1.392000 -4.000000 2000
1.400000 -4.000000 2000
1.408000 -4.000000 2000
1.416000 -4.000000 23
1.424000 -4.000000 21
1.432000 -4.000000 2000
1.440000 -4.000000 2000
1.448000 -4.000000 2000
1.456000 -4.000000 2000
1.464000 -4.000000 2000
1.472000 -4.000000 2000
1.480000 -4.000000 2000
1.488000 -4.000000 2000
1.496000 -4.000000 2000
1.504000 -4.000000 2000
1.512000 -4.000000 2000
1.520000 -4.000000 2000
1.528000 -4.000000 2000
1.536000 -4.000000 2000
1.544000 -4.000000 2000
1.552000 -4.000000 2000
1.560000 -4.000000 2000
1.568000 -4.000000 2000
1.576000 -4.000000 2000
1.584000 -4.000000 2000
1.592000 -4.000000 24
1.600000 -4.000000 22
1.608000 -4.000000 21
1.616000 -4.000000 20
1.624000 -4.000000 20
1.632000 -4.000000 20
1.640000 -4.000000 19
1.648000 -4.000000 19
1.656000 -4.000000 19
1.664000 -4.000000 19
1.672000 -4.000000 19
1.680000 -4.000000 19
1.688000 -4.000000 19
1.696000 -4.000000 18
1.704000 -4.000000 18
1.712000 -4.000000 18
1.720000 -4.000000 18
1.728000 -4.000000 18
1.736000 -4.000000 18
1.744000 -4.000000 18
1.752000 -4.000000 18
1.760000 -4.000000 18
1.768000 -4.000000 18
1.776000 -4.000000 18
1.784000 -4.000000 18
1.792000 -4.000000 17
1.800000 -4.000000 17
1.808000 -4.000000 18
1.816000 -4.000000 18
1.824000 -4.000000 18
1.832000 -4.000000 17
1.840000 -4.000000 17
1.848000 -4.000000 17
1.856000 -4.000000 17
1.864000 -4.000000 17
1.872000 -4.000000 17
1.880000 -4.000000 17
1.888000 -4.000000 18
1.896000 -4.000000 18
1.904000 -4.000000 18
1.912000 -4.000000 18
1.920000 -4.000000 18
1.928000 -4.000000 18
1.936000 -4.000000 18
1.944000 -4.000000 18
1.952000 -4.000000 18
1.960000 -4.000000 18
1.968000 -4.000000 18
1.976000 -4.000000 18
1.984000 -4.000000 18
1.992000 -4.000000 18
2.000000 -4.000000 18
2.008000 -4.000000 18
2.016000 -4.000000 18
2.024000 -4.000000 18
2.032000 -4.000000 18
2.040000 -4.000000 18
2.048000 -4.000000 18
2.056000 -4.000000 18
2.064000 -4.000000 18
2.072000 -4.000000 18
2.080000 -4.000000 18
2.088000 -4.000000 18
2.096000 -4.000000 18
2.104000 -4.000000 18
2.112000 -4.000000 18
2.120000 -4.000000 18
2.128000 -4.000000 18
2.136000 -4.000000 18
2.144000 -4.000000 19
2.152000 -4.000000 19
2.160000 -4.000000 19
2.168000 -4.000000 19
2.176000 -4.000000 19
2.184000 -4.000000 19
2.192000 -4.000000 19
2.200000 -4.000000 19
2.208000 -4.000000 19
2.216000 -4.000000 19
2.224000 -4.000000 19
2.232000 -4.000000 19
2.240000 -4.000000 19
2.248000 -4.000000 19
2.256000 -4.000000 19
2.264000 -4.000000 19
2.272000 -4.000000 19
2.280000 -4.000000 19
2.288000 -4.000000 19
2.296000 -4.000000 19
2.304000 -4.000000 19
2.312000 -4.000000 19
2.320000 -4.000000 19
2.328000 -4.000000 19
2.336000 -4.000000 19
2.344000 -4.000000 19
2.352000 -4.000000 19
2.360000 -4.000000 19
2.368000 -4.000000 19
2.376000 -4.000000 19
2.384000 -4.000000 19
2.392000 -4.000000 19
2.400000 -4.000000 19
2.408000 -4.000000 19
2.416000 -4.000000 19
2.424000 -4.000000 19
2.432000 -4.000000 19
2.440000 -4.000000 19
2.448000 -4.000000 19
2.456000 -4.000000 19
2.464000 -4.000000 19
2.472000 -4.000000 19
2.480000 -4.000000 19
2.488000 -4.000000 19
2.496000 -4.000000 19
2.504000 -4.000000 19
2.512000 -4.000000 19
2.520000 -4.000000 19
2.528000 -4.000000 19
2.536000 -4.000000 19
2.544000 -4.000000 19
2.552000 -4.000000 19
2.560000 -4.000000 19
2.568000 -4.000000 19
2.576000 -4.000000 19
2.584000 -4.000000 19
2.592000 -4.000000 19
2.600000 -4.000000 19
2.608000 -4.000000 19
2.616000 -4.000000 19
2.624000 -4.000000 19
2.632000 -4.000000 19
2.640000 -4.000000 19
2.648000 -4.000000 19
2.656000 -4.000000 19
2.664000 -4.000000 19
2.672000 -4.000000 19
2.680000 -4.000000 19
2.688000 -4.000000 19
2.696000 -4.000000 19
2.704000 -4.000000 19
2.712000 -4.000000 19
2.720000 -4.000000 19
2.728000 -4.000000 19
2.736000 -4.000000 19
2.744000 -4.000000 19
2.752000 -4.000000 19
2.760000 -4.000000 19
2.768000 -4.000000 19
2.776000 -4.000000 19
2.784000 -4.000000 19
2.792000 -4.000000 19
2.800000 -4.000000 19
2.808000 -4.000000 19
2.816000 -4.000000 19
2.824000 -4.000000 19
2.832000 -4.000000 19
2.840000 -4.000000 19
2.848000 -4.000000 19
2.856000 -4.000000 19
2.864000 -4.000000 19
2.872000 -4.000000 19
2.880000 -4.000000 19
2.888000 -4.000000 19
2.896000 -4.000000 19
2.904000 -4.000000 19
2.912000 -4.000000 19
2.920000 -4.000000 19
2.928000 -4.000000 19
2.936000 -4.000000 19
2.944000 -4.000000 19
2.952000 -4.000000 19
2.960000 -4.000000 19
2.968000 -4.000000 19
2.976000 -4.000000 19
2.984000 -4.000000 19
2.992000 -4.000000 19
3.000000 -4.000000 19
3.008000 -4.000000 19
3.016000 -4.000000 19
3.024000 -4.000000 19
3.032000 -4.000000 19
3.040000 -4.000000 19
3.048000 -4.000000 19
3.056000 -4.000000 19
3.064000 -4.000000 19
3.072000 -4.000000 19
3.080000 -4.000000 19
3.088000 -4.000000 19
3.096000 -4.000000 19
3.104000 -4.000000 19
3.112000 -4.000000 19
3.120000 -4.000000 19
3.128000 -4.000000 19
3.136000 -4.000000 19
3.144000 -4.000000 19
3.152000 -4.000000 19
3.160000 -4.000000 19
3.168000 -4.000000 19
3.176000 -4.000000 19
3.184000 -4.000000 20
3.192000 -4.000000 20
3.200000 -4.000000 20
3.208000 -4.000000 20
3.216000 -4.000000 20
3.224000 -4.000000 20
3.232000 -4.000000 20
3.240000 -4.000000 20
3.248000 -4.000000 20
3.256000 -4.000000 20
3.264000 -4.000000 20
3.272000 -4.000000 19
3.280000 -4.000000 19
3.288000 -4.000000 20
3.296000 -4.000000 2000
3.304000 -4.000000 23
3.312000 -4.000000 2000
3.320000 -4.000000 2000
3.328000 -4.000000 2000
3.336000 -4.000000 2000
3.344000 -4.000000 24
3.352000 -4.000000 22
3.360000 -4.000000 21
3.368000 -4.000000 21
3.376000 -4.000000 21
3.384000 -4.000000 2000
3.392000 -4.000000 2000
3.400000 -4.000000 2000
3.408000 -4.000000 2000
3.416000 -4.000000 2000
3.424000 -4.000000 2000
3.432000 -4.000000 2000
3.440000 -4.000000 2000
3.448000 -4.000000 2000
3.456000 -4.000000 2000
3.464000 -4.000000 2000
3.472000 -4.000000 2000
3.480000 -4.000000 2000
3.488000 -4.000000 2000
3.496000 -4.000000 2000
3.504000 -4.000000 2000
3.512000 -4.000000 2000
3.520000 -4.000000 2000
3.528000 -4.000000 2000
3.536000 -4.000000 2000
3.544000 -4.000000 2000
3.552000 -4.000000 2000
3.560000 -4.000000 2000
3.568000 -4.000000 2000
3.576000 -4.000000 2000
3.584000 -4.000000 2000
3.592000 -4.000000 2000
3.600000 -4.000000 2000
3.608000 -4.000000 2000
3.616000 -4.000000 2000
3.624000 -4.000000 2000
3.632000 -4.000000 2000
3.640000 -4.000000 2000
3.648000 -4.000000 2000
3.656000 -4.000000 2000
3.664000 -4.000000 2000
3.672000 -4.000000 2000
3.680000 -4.000000 2000
3.688000 -4.000000 2000
3.696000 -4.000000 2000
3.704000 -4.000000 2000
3.712000 -4.000000 2000
3.720000 -4.000000 2000
3.728000 -4.000000 2000
3.736000 -4.000000 2000
3.744000 -4.000000 2000
3.752000 -4.000000 2000
3.760000 -4.000000 2000
3.768000 -4.000000 2000
3.776000 -4.000000 2000
3.784000 -4.000000 2000
3.792000 -4.000000 2000
3.800000 -4.000000 2000
3.808000 -4.000000 2000
3.816000 -4.000000 2000
3.824000 -4.000000 2000
3.832000 -4.000000 2000
3.840000 -4.000000 2000
3.848000 -4.000000 2000
3.856000 -4.000000 2000
3.864000 -4.000000 2000
3.872000 -4.000000 2000
3.880000 -4.000000 2000
3.888000 -4.000000 2000
3.896000 -4.000000 2000
3.904000 -4.000000 2000
3.912000 -4.000000 2000
3.920000 -4.000000 2000
3.928000 -4.000000 2000
3.936000 -4.000000 2000
3.944000 -4.000000 2000
3.952000 -4.000000 2000
3.960000 -4.000000 2000
3.968000 -4.000000 2000
3.976000 -4.000000 2000
3.984000 -4.000000 2000
3.992000 -4.000000 2000
4.000000 -4.000000 2000
